54277.62515763007   -7.97442620286256       5.515632445387218 -11.09842785993169    11.038833974850247  15.114594830883812     7.800282209331684  34.9209697959193 1e-06 0.2281078196923911 0.002829459329855401 -16.9955589827548  
54301.55451217014  -10.353322100256264      3.533692618048837   0.045986492657903   11.054594556772384 -12.252688783804308     4.997396025702354  36.0804819572284 1e-06 0.2246388596442367 0.001781339092069634 -22.9737392945437  
54657.49659998994   -6.875219414376261      6.685365166653673 -17.776616731592185   11.029389589575857  -2.4040621414166896    9.454534088098292  32.986832667013  1e-06 0.233650674493673  0.003099822179903428 -20.8927146134322  
54895.907681310084  11.722046583950942      5.061041668649991  37.46819112655794    11.10751754609955   -0.5072068964525887    7.157393767540177  34.6865535777184 1e-06 0.2220432272613665 0.002357616729184512  23.7327292444883  
54943.82640798995   22.26466187986989       5.87724261635169    5.772164243077896   11.06269259500759   -9.64148540521309      8.311676217401693  34.5508612275776 1e-06 0.2239621817937152 0.002633601959050584   8.72863888091385 
54952.86220944999   16.575414081634335      3.939412840315886   2.7136180486386365  11.058367157498267   2.9505960895016106    5.571171066561442  35.5257044992792 1e-06 0.224277580391476  0.001778244591858036   4.86213297211513 
54999.62870331993   32.0473731002412        5.41631953890312  -14.997743279352107   11.033319510100133 -10.829873561475742     7.659832550063181  33.5614958212836 1e-06 0.2288218134111886 0.002611940266882814 -14.1103801948203  
55040.51401676005    8.304263738536974      7.713224452293343 -53.05613435927171    10.97949681727281   -6.037358243300809    10.908146630061033  34.6572164580212 1e-06 0.2265305963868394 0.003339146273129982 -24.2168897536278  
55265.87590690004  -36.262952677627254      3.03259959837463   35.9994054660574     11.105440369498249  -2.9675806461141896    4.288743481268603  36.316839717458  1e-06 0.2217049388481012 0.001317974825401627  22.8785790762276  
55299.75371140987  -22.7880390857963        4.368180552998888  -8.83612438558248    11.042033355105875   8.335078413811312     6.177540180945434  35.8643033911956 1e-06 0.2262593082933845 0.0021367186086181    12.5902839582821  
55312.7973642298    -6.854209069982062      3.031101116595692   4.566137140617684   11.0609870151227     0.043870585918810434  4.2866243080138595 36.4954912884544 1e-06 0.22342407805741   0.001317073142084551   7.20314462663457 
55375.65326113999   -4.000354572645847      3.282626795135953 -18.046388272951845   11.029008075003324   5.953170255355511     4.642335333890593  36.279041763925  1e-06 0.221991885108591  0.001480430007957413 -17.7249432601536  
55411.58770880988    1.7268083064955135     3.23916121405197    8.326543517398022   11.066305032820777   0.7601585345772115    4.580865719625196  36.2863982152225 1e-06 0.2196176465880922 0.001466905246931298 -24.9311705668615  
55666.75382601004   16.749420334973365      4.083170560592778  -0.32578848706179997 11.054068787553915   7.579870029647312     5.774475184272861  35.5837790930764 1e-06 0.2268774446409672 0.002077169367309677  11.8872456592762  
55689.77009809017   19.304035989521253      2.91756814235002   -9.40398387525238    11.041230280514062  -1.499778823550388     4.1260644360590755 36.4715910419439 1e-06 0.2235266247364055 0.001317718642080903   2.21165445506481 
55711.6661325898    16.197196051817627      4.638867621280257 -16.29421850743165    11.031486017249303  -3.1896452044523596    6.5603495040679585 35.17279250985   1e-06 0.2176988145074717 0.00233534374563531   -7.00574840260483 
55752.54145892011   18.9665999576182        8.692932395057033 -30.106870162791893   11.011951977945957   4.223253587068411    12.29366288988209   34.6210176105653 1e-06 0.2235809100831721 0.003736873384839091 -20.7912688623888  
56042.77254805993    1.7969385434935248     4.623751330465235  11.780873842008077   11.071190193614758  -0.9952903600040894    6.538971840584578  36.0506298866534 1e-06 0.2195425068242966 0.001762817659522735   7.46203312322308 
56133.57296823012   14.247379582813664      3.395082235301435 -24.470710837522347   11.01992271090345   -5.111465100562759     4.801371342535253  36.4959784083729 1e-06 0.2238243141545441 0.001430727444280385 -23.9439245333729  
56167.52711192984  -11.27466003180507       3.559809573361446  10.359876277618241   11.069180599587098  -6.849878314463649     5.0343309781133385 36.3893060155702 1e-06 0.2222833014958684 0.001370475216042993 -24.7553945677243  
56406.86956286011   -0.1764619544837842     3.399410597264147  29.79888701929758    11.096671512217098   4.405830410993611     4.80749257072578   36.2657756904174 1e-06 0.2207663451146218 0.001421443715905549   7.81311919740248 
56798.69630568987   -6.157004553952902      2.716626217939026  13.585539615578455   11.073742376427292   0.2890826746623105    3.8418896413076986 36.23715970464   1e-06 0.224227203365878  0.001066603850588879  -3.36717725238494 
56816.63425428979    0.8897175764304848     3.075844785280129  21.931477049677596   11.085545314337311   7.460036971210213     4.349901411097719  36.3525824418001 1e-06 0.2241207971684171 0.001456553301879055 -10.680505021666   
56854.55776995979   -6.513873617455829     18.94217593311201   24.879437889558176   11.089714360538416   3.3312386088876096   26.788282105464244  22.0410627935348 1e-06 0.307363632116539  0.006624893648864813 -22.2334225438351  