57196.65467450023    0.1978978141578409    12.94424715058462  -15.02947491854411    10.963267820367388  -4.1863743537456894   18.30592987506606   40.9446924704523 1e-06 0.2052590864598616 0.004007686994094832 -16.0734044251355  
57218.51102545997   18.32589662835744       5.237890936514287 -24.648490244763707   10.949664478436372  -8.948872240114639     7.407496400649617  39.2506212404868 1e-06 0.1928693247316179 0.00145541766599286  -21.898277370402   
57613.54814124992   11.630197817416047      2.70675984145449  -17.695499928803656   10.959497491640251  -4.0226230379266585    3.8279364778717886 39.1367216767872 1e-06 0.1962857853353462 0.001068357879062212 -25.4142171429453  
57814.90432856977  -20.814351380002336      3.244112070804122  20.96479659218585    11.0141714073056    -5.566670138104629     4.5878672883894565 38.9627851792347 1e-06 0.1966401751426669 0.001393489666765058  24.2494918155049  
57821.91166544985  -35.765797993095475      4.467702653928727  17.077560463886584   11.008674025252814   2.606474809726201     6.318285685836277  39.1200973353069 1e-06 0.1941572792425523 0.001996746505869867  22.9465207057033  
57890.70787000004  -32.098147970506034      3.130280204673618 -18.788825129933684   10.95795129631273    3.0637609527242997    4.426884719477458  39.1086285294012 1e-06 0.1980463877875608 0.001371422916680761  -1.76249613807332 
57970.58749182988   -2.8612926904843334     3.172612465973416   2.4711542242566793  10.988017447451199  -0.4378750340011983    4.486751577533554  39.1101415765251 1e-06 0.1986599227972379 0.001387236130252729 -25.1073214396954  
58214.75148853008   18.966953621513312      3.632994571719947  10.939219472837067   10.9999931001728    -1.4464036500025       5.137830195354184  39.5077719469326 1e-06 0.2001895173607265 0.001593557874622712  15.2291012431413  
58277.66846016981   32.29205350966822       4.83639651131884   12.591435092916981   11.002329685910682  -4.423350570689539     6.839697539321026  39.9358921940723 1e-06 0.1954221330061786 0.002071593330542611 -10.7152310809153  
58286.658832349814  -2.036241663497094      5.203211903959078 -27.809794186113322   10.945193719527733  13.3916005861602       7.358452842480062  40.2487724575436 1e-06 0.1875131135336374 0.002240228208259172 -14.0810734266506  
58287.70915324008   22.044838301692835      3.792360693076704  -6.295751948044199   10.975619169842277  -7.99126290614771      5.363207925559705  39.7536043918615 1e-06 0.1915649633335982 0.001620597841899033 -14.5176474084513  
58347.46703863982    5.214326284787603      4.011554075287385   0.9452756240962117  10.985859529240317   3.8325123855388004    5.673194179464479  39.616674938117  1e-06 0.1973229546734073 0.001712765473451348 -25.3051741867987  
58523.830070090014 -23.78297030118938       6.753217229960724  24.36120627465698    11.018974655941927  -1.2976524017474986    9.550491396262121  39.593093522474  1e-06 0.1945599473493572 0.0026941526670943    26.0138810719933  
58524.83829367999  -15.32517297260074       5.209622612001355  27.61985054339584    11.023583074861726   4.605857015561702     7.367518952737865  39.5057414507251 1e-06 0.2009158962477267 0.00225719852366435   26.0055191235547  
58564.87587602995  -16.079264358164437      3.901960699897517  -5.451888139514267   10.976812573485097  -7.537646032944259     5.518205741641883  39.3735423208975 1e-06 0.196712586142432  0.001770611240813168  19.9388104836897  
58657.652927579824 -11.975219537288467      4.337466265141927   7.459588951935984   10.995072159498095   2.4254405156942003    6.134103618499489  39.2665370654205 1e-06 0.1991305341459091 0.001891584910657521 -16.0279486238872  
58692.5880321702     0.038860950373418746   4.996038598733029 -12.197489390273404   10.967272852709911  -8.39532389498975      7.065465544467723  39.4577233042369 1e-06 0.1962110094173241 0.002169970518117943 -24.2549692143451  
58737.48240257986   11.385915607820607     18.82853704051524    2.68541511600597    10.988320458110197  15.909497204296501    26.62757244234083   39.8990283641532 1e-06 0.1874030410197908 0.005361296110344033 -22.8343600847557  
58869.828480780125   6.85896414400213       3.270921802843899  20.656143421506385   11.013734905805556  -0.026433484821998476  4.625781975043697  38.829952393241  1e-06 0.1972762764609252 0.001253814365221958  24.3546657154069  
58919.690255959984  11.731614893454207      2.770171135395792  29.431548721206127   11.026145202995712  -1.9810709699697995    3.9176135897712046 38.61066366318   1e-06 0.196170481592405  0.000874670548957837  22.8771033617968  
59240.81845594989   14.87404831737058       4.051824932440557  31.81645848012704    11.029517974721815  -3.4318100701874386    5.7301457718188855 38.8913414835242 1e-06 0.1955321190686526 0.001690015120419664  25.158904135391   
59307.63651777012   14.50136383831068      10.92417464738495   21.302760297637178   11.01464936016144   -9.25824752942772     15.44911594406412   39.1983924442009 1e-06 0.2042765860932049 0.003516417750856917  16.4347985014642  
59349.781901360024  17.965182049491887      5.832086734948958  -4.96691642681435    10.977498427058565  -2.9495322763694       8.247816157501038  38.8534436758754 1e-06 0.1987027120363483 0.002144332735993783  -1.02487809135174 
59408.47837754991   -3.6907004593258534     3.25824970431473    0.964708284865992   10.98588701117273   -3.1043908790962984    4.607860921440018  38.9011895277934 1e-06 0.1977272722358185 0.001319000317919318 -21.4766713818529  
59431.48849724978   -4.811527878134257      3.96658170379213    9.061192927156299   10.997337169561403  -3.1205797883076993    5.6095936417638095 39.0080573670251 1e-06 0.1982103399413873 0.001720045166855266 -24.9649119232439  
59436.47945808014   -0.8034620903999894     3.961543966157973   1.373668196336439   10.986465367825998  -1.8925213709458983    5.602469204877908  39.0196367896495 1e-06 0.1962302019918613 0.001717190969160687 -25.230931702878   
59580.837907860056 -19.51797472909857       4.937499440266194  17.842178234096536   11.009755358073477  -3.007547107695899     6.982678672634018  38.9473528461423 1e-06 0.1966692575962104 0.001996082030751138  19.8282841543472  
59626.891328790225 -17.20489766346327       3.178005673806209 -16.006991961213316   10.961885402508194   7.3634970187658       4.4943787251953875 39.2092668161501 1e-06 0.1989582056729511 0.001333754288604604  25.7613509820188  
59653.73067585006   -9.290338041811992      3.989956013907086   1.0137391855059832  10.985956351337391   8.485604089881901     5.642649908139495  39.2968794280285 1e-06 0.1952397013680532 0.001836480825165168  22.0119923836336  
59683.74085765984    4.378253063272496      3.445770837485564 -26.290318285603462   10.947342582953933  -8.7186771162836       4.873055851201783  39.3194702390732 1e-06 0.1957438418173735 0.00147629807348521   12.2442419457864  
59712.64174547978   11.513750263741713      3.831328749802665 -13.60918911812405    10.965276407808787   5.004969885221799     5.418317079880883  39.259534173848  1e-06 0.1984516669962994 0.001723897018610983   0.234256824278805
59746.651913629845  29.099517380618636      4.249602345402794  -7.876711567893835   10.973383355306321   0.31599610842329895   6.0098452715611455 39.0801293050698 1e-06 0.1939624994399225 0.001766102180612011 -13.6721685314484  
59814.49802110996   29.044447916276113      3.23769554910127   -8.23280847647402    10.97287975822869    2.449296404395101     4.578792956374022  39.0518642658761 1e-06 0.1966927691465884 0.001296870454447907 -25.1472821282706  
59994.82091135997   -4.587256052504017      4.980227493209125  23.30378508722697    11.017479236557524   6.0981185212782005    7.043105264599706  38.7120408582268 1e-06 0.1945816431137661 0.001927898784853408  25.7379666335107  
60025.67719954997  -10.844731313720331      3.861057115773858   4.977610725096383   10.991562112228184   1.6511256144346014    5.460359338224536  38.7840935001043 1e-06 0.2001447098078118 0.001437208132871464  20.3353781846518  
60064.676114629954 -33.5913445730439        9.841428815851227 -13.096397187263392   10.966001605112085   0.8263775547841998   13.917882104506194  39.0330707682829 1e-06 0.1901445185161031 0.00322573942297184    5.89466505125966 
60103.56750298012  -18.34941731579329       3.520692232704015 -24.680450816463235   10.949619279362414   3.9944318490284996    4.979010704431631  39.2112911742324 1e-06 0.1962260202768839 0.001331596731426282 -10.3888578405388  
60152.47020281013  -13.810361398736859      6.900603686130515  -7.661463649723373   10.973687761831473   9.616728182547801     9.758927321487548  39.0393298482551 1e-06 0.1995063446065756 0.002885245517412054 -23.92263844492    
60184.47523379       6.365047640042576      4.204081840654411 -14.59897456343424    10.96387663980819    3.829493193829803     5.945469556379914  39.1127613246012 1e-06 0.1945374969192802 0.001807107200997669 -24.7664305036391  
60337.82395522995    3.4051562601989644     5.14187888044945    4.8011594984463954  10.991312572510358   5.340548820305399     7.271714848811399  38.9431221827863 1e-06 0.1989430859490353 0.00212043813563237   25.2779950955732  
60371.895204630215  12.390171221178207      5.486479235948154  12.217482244086568   11.001800836720179   7.087840135815801     7.759053345156255  38.8102015815347 1e-06 0.197627877783181  0.00218669110151936   24.2393099440981  
60428.78884063987    0.798422644389575      6.032634044511381   8.218842827926892   10.996145906626806 -10.52972159675269      8.531432882581653  38.8344848473293 1e-06 0.196597100378426  0.002250217782952566   6.20679117831022 
60439.75506372005   -3.429417639413259      6.562396336387232 -16.502556850933615   10.961184567920116  14.4854457016693       9.280629900586336  38.8175335059254 1e-06 0.1882934939542027 0.002387346116621476   1.52178502495857 
60477.62373845978    4.20705429206464       5.900501065405571 -21.909233377694363   10.953538372648605   7.947662374724002     8.344568631493456  38.9162413893072 1e-06 0.1954808467950054 0.002213067983335816 -13.8181802732137  
60482.52446077019   -6.808772231645889      5.176596054571584 -33.70655593223364    10.936854439092286   0.5442735142902997    7.320812347302189  38.9374613757882 1e-06 0.1943967480373293 0.001952909680609678 -15.3547746387305  
60513.53610449005    6.491458027275257      9.58980803746878   26.51914667573601    11.022026444523926   7.079023261018401    13.562036587142863  38.8488202161174 1e-06 0.1971358355751835 0.003380902805139022 -23.3862629054056  